#T(K), Kl_SlackLow(W/mK), Kl_SlackSim(W/mK), Kl_CahillLow(W/mK), Cv(J/molK), S(J/molK), S_Debye(J/molK), H(eV), mpf(µm)
10.0000 0.0001 1.2720 0.0000 0.0336 0.0112 0.0115 -0.0000 13700.6680
20.0000 0.0007 0.6360 0.0002 0.2688 0.0896 0.0921 -0.0000 856.2918
30.0000 0.0022 0.4240 0.0005 0.9070 0.3023 0.3107 -0.0000 169.1440
40.0000 0.0053 0.3180 0.0012 2.1500 0.7167 0.7366 -0.0000 53.5182
50.0000 0.0103 0.2544 0.0024 4.1993 1.3998 1.4386 -0.0001 21.9211
60.0000 0.0179 0.2120 0.0041 7.2563 2.4188 2.4849 -0.0001 10.5715
70.0000 0.0284 0.1817 0.0065 11.5228 3.8409 3.9397 -0.0003 5.7062
80.0000 0.0423 0.1590 0.0097 17.2002 5.7334 5.8565 -0.0005 3.3449
90.0000 0.0601 0.1413 0.0137 24.0226 8.1460 8.2706 -0.0008 2.1288
100.0000 0.0822 0.1272 0.0185 31.7888 11.0708 11.1954 -0.0011 1.4479
110.0000 0.1088 0.1156 0.0241 40.3662 14.4974 14.6220 -0.0016 1.0366
120.0000 0.1401 0.1060 0.0305 49.5054 18.3984 18.5230 -0.0023 0.7748
130.0000 0.1764 0.0978 0.0376 58.9635 22.7331 22.8576 -0.0030 0.6005
140.0000 0.2178 0.0909 0.0453 68.5257 27.4526 27.5772 -0.0040 0.4798
150.0000 0.2642 0.0848 0.0535 78.0151 32.5048 32.6294 -0.0050 0.3933
160.0000 0.3157 0.0795 0.0621 87.2944 37.8375 37.9620 -0.0062 0.3295
170.0000 0.3723 0.0748 0.0712 96.2637 43.4006 43.5251 -0.0076 0.2813
180.0000 0.4339 0.0707 0.0805 104.8544 49.1479 49.2725 -0.0091 0.2439
190.0000 0.5006 0.0669 0.0902 113.0243 55.0380 55.1625 -0.0108 0.2143
200.0000 0.5722 0.0636 0.1000 120.7512 61.0337 61.1583 -0.0126 0.1906
210.0000 0.6487 0.0606 0.1099 128.0283 67.1031 67.2277 -0.0146 0.1712
220.0000 0.7300 0.0578 0.1200 134.8598 73.2184 73.3429 -0.0166 0.1551
230.0000 0.8161 0.0553 0.1302 141.2578 79.3559 79.4804 -0.0189 0.1417
240.0000 0.9069 0.0530 0.1404 147.2395 85.4956 85.6201 -0.0212 0.1302
250.0000 1.0025 0.0509 0.1507 152.8255 91.6207 91.7453 -0.0237 0.1205
260.0000 1.1026 0.0489 0.1610 158.0381 97.7174 97.8420 -0.0263 0.1120
270.0000 1.2074 0.0471 0.1713 162.9003 103.7740 103.8986 -0.0290 0.1046
280.0000 1.3167 0.0454 0.1817 167.4351 109.7813 109.9058 -0.0318 0.0982
290.0000 1.4305 0.0439 0.1920 171.6651 115.7314 115.8560 -0.0347 0.0925
300.0000 1.5488 0.0424 0.2023 175.6119 121.6184 121.7430 -0.0377 0.0874
310.0000 1.6716 0.0410 0.2126 179.2961 127.4375 127.5620 -0.0409 0.0828
320.0000 1.7988 0.0398 0.2229 182.7371 133.1848 133.3094 -0.0441 0.0787
330.0000 1.9304 0.0385 0.2331 185.9529 138.8577 138.9823 -0.0474 0.0750
340.0000 2.0664 0.0374 0.2434 188.9604 144.4542 144.5787 -0.0508 0.0716
350.0000 2.2068 0.0363 0.2536 191.7754 149.9727 150.0973 -0.0543 0.0686
360.0000 2.3515 0.0353 0.2637 194.4122 155.4125 155.5371 -0.0579 0.0658
370.0000 2.5006 0.0344 0.2739 196.8842 160.7733 160.8979 -0.0616 0.0632
380.0000 2.6539 0.0335 0.2840 199.2037 166.0550 166.1796 -0.0653 0.0608
390.0000 2.8116 0.0326 0.2941 201.3820 171.2579 171.3824 -0.0691 0.0586
400.0000 2.9735 0.0318 0.3041 203.4296 176.3825 176.5071 -0.0730 0.0566
410.0000 3.1398 0.0310 0.3142 205.3558 181.4296 181.5542 -0.0770 0.0547
420.0000 3.3103 0.0303 0.3242 207.1697 186.4002 186.5248 -0.0810 0.0529
430.0000 3.4850 0.0296 0.3341 208.8791 191.2952 191.4198 -0.0851 0.0512
440.0000 3.6641 0.0289 0.3441 210.4916 196.1159 196.2405 -0.0893 0.0497
450.0000 3.8473 0.0283 0.3540 212.0139 200.8634 200.9880 -0.0936 0.0482
460.0000 4.0348 0.0277 0.3639 213.4522 205.5392 205.6637 -0.0979 0.0469
470.0000 4.2266 0.0271 0.3737 214.8125 210.1444 210.2690 -0.1023 0.0456
480.0000 4.4225 0.0265 0.3836 216.0999 214.6806 214.8052 -0.1067 0.0444
490.0000 4.6227 0.0260 0.3934 217.3194 219.1491 219.2736 -0.1112 0.0432
500.0000 4.8271 0.0254 0.4032 218.4755 223.5512 223.6758 -0.1157 0.0421
510.0000 5.0357 0.0249 0.4129 219.5723 227.8885 228.0131 -0.1203 0.0411
520.0000 5.2486 0.0245 0.4227 220.6136 232.1624 232.2870 -0.1250 0.0401
530.0000 5.4656 0.0240 0.4324 221.6031 236.3742 236.4987 -0.1297 0.0392
540.0000 5.6868 0.0236 0.4421 222.5439 240.5252 240.6498 -0.1345 0.0383
550.0000 5.9123 0.0231 0.4518 223.4391 244.6170 244.7415 -0.1393 0.0375
560.0000 6.1419 0.0227 0.4614 224.2916 248.6507 248.7753 -0.1442 0.0366
570.0000 6.3757 0.0223 0.4711 225.1039 252.6278 252.7524 -0.1491 0.0359
580.0000 6.6137 0.0219 0.4807 225.8785 256.5495 256.6741 -0.1541 0.0351
590.0000 6.8559 0.0216 0.4903 226.6175 260.4172 260.5417 -0.1591 0.0344
600.0000 7.1023 0.0212 0.4999 227.3231 264.2319 264.3565 -0.1642 0.0337
610.0000 7.3528 0.0209 0.5095 227.9971 267.9950 268.1196 -0.1693 0.0331
620.0000 7.6076 0.0205 0.5191 228.6415 271.7076 271.8322 -0.1745 0.0325
630.0000 7.8665 0.0202 0.5286 229.2579 275.3709 275.4955 -0.1797 0.0319
640.0000 8.1296 0.0199 0.5382 229.8478 278.9860 279.1106 -0.1849 0.0313
650.0000 8.3969 0.0196 0.5477 230.4128 282.5540 282.6786 -0.1902 0.0307
660.0000 8.6683 0.0193 0.5572 230.9541 286.0760 286.2005 -0.1956 0.0302
670.0000 8.9440 0.0190 0.5667 231.4730 289.5530 289.6775 -0.2009 0.0297
680.0000 9.2238 0.0187 0.5762 231.9708 292.9859 293.1105 -0.2064 0.0292
690.0000 9.5078 0.0184 0.5856 232.4485 296.3759 296.5005 -0.2118 0.0287
700.0000 9.7959 0.0182 0.5951 232.9072 299.7239 299.8485 -0.2173 0.0282
710.0000 10.0882 0.0179 0.6045 233.3479 303.0307 303.1553 -0.2229 0.0278
720.0000 10.3847 0.0177 0.6140 233.7715 306.2974 306.4220 -0.2284 0.0273
730.0000 10.6854 0.0174 0.6234 234.1788 309.5247 309.6493 -0.2340 0.0269
740.0000 10.9902 0.0172 0.6328 234.5707 312.7135 312.8381 -0.2397 0.0265
750.0000 11.2992 0.0170 0.6422 234.9479 315.8647 315.9893 -0.2454 0.0261
760.0000 11.6123 0.0167 0.6516 235.3111 318.9791 319.1036 -0.2511 0.0257
770.0000 11.9296 0.0165 0.6610 235.6610 322.0574 322.1819 -0.2569 0.0254
780.0000 12.2511 0.0163 0.6704 235.9983 325.1004 325.2250 -0.2627 0.0250
790.0000 12.5768 0.0161 0.6798 236.3234 328.1088 328.2334 -0.2685 0.0247
800.0000 12.9066 0.0159 0.6891 236.6371 331.0835 331.2081 -0.2744 0.0243
810.0000 13.2405 0.0157 0.6985 236.9397 334.0250 334.1496 -0.2803 0.0240
820.0000 13.5787 0.0155 0.7078 237.2319 336.9341 337.0586 -0.2862 0.0237
830.0000 13.9210 0.0153 0.7172 237.5141 339.8114 339.9359 -0.2922 0.0233
840.0000 14.2674 0.0151 0.7265 237.7867 342.6575 342.7821 -0.2982 0.0230
850.0000 14.6181 0.0150 0.7358 238.0502 345.4732 345.5977 -0.3042 0.0227
860.0000 14.9728 0.0148 0.7452 238.3049 348.2589 348.3835 -0.3103 0.0225
870.0000 15.3318 0.0146 0.7545 238.5513 351.0153 351.1399 -0.3164 0.0222
880.0000 15.6949 0.0145 0.7638 238.7897 353.7430 353.8676 -0.3225 0.0219
890.0000 16.0621 0.0143 0.7731 239.0204 356.4426 356.5671 -0.3286 0.0216
900.0000 16.4336 0.0141 0.7824 239.2437 359.1145 359.2390 -0.3348 0.0214
910.0000 16.8091 0.0140 0.7916 239.4601 361.7593 361.8838 -0.3410 0.0211
920.0000 17.1889 0.0138 0.8009 239.6696 364.3775 364.5021 -0.3473 0.0209
930.0000 17.5728 0.0137 0.8102 239.8727 366.9696 367.0942 -0.3536 0.0206
940.0000 17.9608 0.0135 0.8195 240.0696 369.5362 369.6608 -0.3599 0.0204
950.0000 18.3531 0.0134 0.8287 240.2605 372.0777 372.2022 -0.3662 0.0202
960.0000 18.7494 0.0133 0.8380 240.4457 374.5945 374.7190 -0.3726 0.0199
970.0000 19.1499 0.0131 0.8473 240.6254 377.0871 377.2117 -0.3790 0.0197
980.0000 19.5546 0.0130 0.8565 240.7998 379.5560 379.6805 -0.3854 0.0195
990.0000 19.9635 0.0128 0.8658 240.9691 382.0015 382.1261 -0.3918 0.0193
1000.0000 20.3765 0.0127 0.8750 241.1335 384.4242 384.5487 -0.3983 0.0191
1010.0000 20.7936 0.0126 0.8842 241.2932 386.8243 386.9489 -0.4048 0.0189
1020.0000 21.2149 0.0125 0.8935 241.4484 389.2024 389.3269 -0.4113 0.0187
1030.0000 21.6404 0.0123 0.9027 241.5992 391.5587 391.6833 -0.4179 0.0185
1040.0000 22.0700 0.0122 0.9119 241.7458 393.8937 394.0183 -0.4244 0.0183
1050.0000 22.5038 0.0121 0.9211 241.8884 396.2078 396.3324 -0.4310 0.0181
1060.0000 22.9418 0.0120 0.9303 242.0271 398.5013 398.6258 -0.4377 0.0179
1070.0000 23.3839 0.0119 0.9396 242.1620 400.7745 400.8990 -0.4443 0.0178
1080.0000 23.8301 0.0118 0.9488 242.2933 403.0278 403.1523 -0.4510 0.0176
1090.0000 24.2805 0.0117 0.9580 242.4211 405.2615 405.3861 -0.4577 0.0174
1100.0000 24.7351 0.0116 0.9672 242.5455 407.4760 407.6005 -0.4644 0.0173
1110.0000 25.1938 0.0115 0.9764 242.6666 409.6715 409.7961 -0.4712 0.0171
1120.0000 25.6567 0.0114 0.9856 242.7846 411.8484 411.9730 -0.4779 0.0169
1130.0000 26.1237 0.0113 0.9948 242.8996 414.0071 414.1316 -0.4847 0.0168
1140.0000 26.5949 0.0112 1.0039 243.0116 416.1476 416.2722 -0.4915 0.0166
1150.0000 27.0702 0.0111 1.0131 243.1208 418.2705 418.3951 -0.4984 0.0165
1160.0000 27.5497 0.0110 1.0223 243.2272 420.3759 420.5005 -0.5053 0.0163
1170.0000 28.0334 0.0109 1.0315 243.3310 422.4642 422.5887 -0.5121 0.0162
1180.0000 28.5212 0.0108 1.0407 243.4323 424.5355 424.6601 -0.5191 0.0160
1190.0000 29.0131 0.0107 1.0498 243.5310 426.5902 426.7148 -0.5260 0.0159
1200.0000 29.5092 0.0106 1.0590 243.6273 428.6286 428.7531 -0.5330 0.0157
1210.0000 30.0095 0.0105 1.0682 243.7213 430.6508 430.7753 -0.5399 0.0156
1220.0000 30.5139 0.0104 1.0773 243.8131 432.6571 432.7817 -0.5469 0.0155
1230.0000 31.0225 0.0103 1.0865 243.9027 434.6478 434.7724 -0.5540 0.0153
1240.0000 31.5352 0.0103 1.0957 243.9901 436.6231 436.7476 -0.5610 0.0152
1250.0000 32.0521 0.0102 1.1048 244.0755 438.5832 438.7078 -0.5681 0.0151
1260.0000 32.5731 0.0101 1.1140 244.1590 440.5284 440.6529 -0.5751 0.0150
1270.0000 33.0983 0.0100 1.1231 244.2405 442.4588 442.5834 -0.5823 0.0148
1280.0000 33.6277 0.0099 1.1323 244.3201 444.3747 444.4993 -0.5894 0.0147
1290.0000 34.1612 0.0099 1.1414 244.3980 446.2764 446.4009 -0.5965 0.0146
1300.0000 34.6988 0.0098 1.1506 244.4740 448.1639 448.2885 -0.6037 0.0145
1310.0000 35.2406 0.0097 1.1597 244.5484 450.0376 450.1621 -0.6109 0.0144
1320.0000 35.7866 0.0096 1.1689 244.6211 451.8975 452.0221 -0.6181 0.0143
1330.0000 36.3367 0.0096 1.1780 244.6922 453.7440 453.8686 -0.6253 0.0141
1340.0000 36.8910 0.0095 1.1871 244.7618 455.5772 455.7018 -0.6326 0.0140
1350.0000 37.4494 0.0094 1.1963 244.8299 457.3972 457.5218 -0.6398 0.0139
1360.0000 38.0119 0.0094 1.2054 244.8964 459.2044 459.3289 -0.6471 0.0138
1370.0000 38.5787 0.0093 1.2145 244.9616 460.9987 461.1233 -0.6544 0.0137
1380.0000 39.1496 0.0092 1.2237 245.0253 462.7805 462.9051 -0.6618 0.0136
1390.0000 39.7246 0.0092 1.2328 245.0878 464.5499 464.6744 -0.6691 0.0135
1400.0000 40.3038 0.0091 1.2419 245.1489 466.3070 466.4316 -0.6765 0.0134
1410.0000 40.8871 0.0090 1.2511 245.2087 468.0520 468.1766 -0.6839 0.0133
1420.0000 41.4746 0.0090 1.2602 245.2673 469.7852 469.9098 -0.6913 0.0132
1430.0000 42.0663 0.0089 1.2693 245.3247 471.5066 471.6311 -0.6987 0.0131
1440.0000 42.6621 0.0088 1.2784 245.3809 473.2164 473.3409 -0.7061 0.0130
1450.0000 43.2620 0.0088 1.2875 245.4359 474.9147 475.0393 -0.7136 0.0129
1460.0000 43.8661 0.0087 1.2967 245.4899 476.6017 476.7263 -0.7211 0.0128
1470.0000 44.4744 0.0087 1.3058 245.5428 478.2776 478.4022 -0.7286 0.0128
1480.0000 45.0868 0.0086 1.3149 245.5946 479.9425 480.0671 -0.7361 0.0127
1490.0000 45.7034 0.0085 1.3240 245.6454 481.5965 481.7211 -0.7436 0.0126
1500.0000 46.3241 0.0085 1.3331 245.6952 483.2398 483.3644 -0.7511 0.0125
1510.0000 46.9490 0.0084 1.3422 245.7441 484.8725 484.9971 -0.7587 0.0124
1520.0000 47.5780 0.0084 1.3513 245.7919 486.4947 486.6193 -0.7663 0.0123
1530.0000 48.2112 0.0083 1.3604 245.8389 488.1066 488.2312 -0.7739 0.0122
1540.0000 48.8485 0.0083 1.3695 245.8850 489.7083 489.8329 -0.7815 0.0122
1550.0000 49.4900 0.0082 1.3786 245.9301 491.3000 491.4246 -0.7891 0.0121
1560.0000 50.1356 0.0082 1.3877 245.9745 492.8817 493.0063 -0.7968 0.0120
1570.0000 50.7854 0.0081 1.3968 246.0180 494.4535 494.5781 -0.8044 0.0119
1580.0000 51.4394 0.0081 1.4059 246.0607 496.0157 496.1403 -0.8121 0.0118
1590.0000 52.0975 0.0080 1.4150 246.1026 497.5683 497.6928 -0.8198 0.0118
1600.0000 52.7597 0.0080 1.4241 246.1437 499.1114 499.2359 -0.8275 0.0117
1610.0000 53.4261 0.0079 1.4332 246.1840 500.6451 500.7697 -0.8353 0.0116
1620.0000 54.0967 0.0079 1.4423 246.2237 502.1696 502.2942 -0.8430 0.0115
1630.0000 54.7714 0.0078 1.4514 246.2626 503.6849 503.8095 -0.8508 0.0115
1640.0000 55.4503 0.0078 1.4605 246.3008 505.1913 505.3158 -0.8586 0.0114
1650.0000 56.1333 0.0077 1.4696 246.3383 506.6886 506.8132 -0.8664 0.0113
1660.0000 56.8204 0.0077 1.4787 246.3752 508.1772 508.3018 -0.8742 0.0113
1670.0000 57.5118 0.0076 1.4878 246.4114 509.6571 509.7816 -0.8820 0.0112
1680.0000 58.2072 0.0076 1.4969 246.4469 511.1283 511.2529 -0.8899 0.0111
1690.0000 58.9069 0.0075 1.5060 246.4819 512.5910 512.7156 -0.8977 0.0110
1700.0000 59.6106 0.0075 1.5151 246.5162 514.0453 514.1698 -0.9056 0.0110
1710.0000 60.3186 0.0074 1.5241 246.5500 515.4912 515.6158 -0.9135 0.0109
1720.0000 61.0307 0.0074 1.5332 246.5831 516.9289 517.0535 -0.9214 0.0109
1730.0000 61.7469 0.0074 1.5423 246.6157 518.3585 518.4831 -0.9293 0.0108
1740.0000 62.4673 0.0073 1.5514 246.6478 519.7800 519.9046 -0.9373 0.0107
1750.0000 63.1918 0.0073 1.5605 246.6793 521.1935 521.3181 -0.9452 0.0107
1760.0000 63.9205 0.0072 1.5696 246.7102 522.5992 522.7238 -0.9532 0.0106
1770.0000 64.6534 0.0072 1.5786 246.7407 523.9971 524.1217 -0.9611 0.0105
1780.0000 65.3904 0.0071 1.5877 246.7706 525.3873 525.5118 -0.9691 0.0105
1790.0000 66.1315 0.0071 1.5968 246.8001 526.7698 526.8944 -0.9772 0.0104
1800.0000 66.8768 0.0071 1.6059 246.8290 528.1448 528.2694 -0.9852 0.0104
1810.0000 67.6263 0.0070 1.6150 246.8575 529.5124 529.6370 -0.9932 0.0103
1820.0000 68.3799 0.0070 1.6240 246.8856 530.8726 530.9971 -1.0013 0.0102
1830.0000 69.1377 0.0070 1.6331 246.9131 532.2255 532.3500 -1.0093 0.0102
1840.0000 69.8996 0.0069 1.6422 246.9403 533.5711 533.6957 -1.0174 0.0101
1850.0000 70.6656 0.0069 1.6513 246.9670 534.9096 535.0342 -1.0255 0.0101
1860.0000 71.4359 0.0068 1.6603 246.9932 536.2410 536.3656 -1.0336 0.0100
1870.0000 72.2102 0.0068 1.6694 247.0191 537.5655 537.6900 -1.0418 0.0100
1880.0000 72.9888 0.0068 1.6785 247.0445 538.8830 539.0076 -1.0499 0.0099
1890.0000 73.7714 0.0067 1.6875 247.0696 540.1936 540.3182 -1.0581 0.0099
1900.0000 74.5583 0.0067 1.6966 247.0942 541.4975 541.6221 -1.0662 0.0098
1910.0000 75.3493 0.0067 1.7057 247.1185 542.7946 542.9192 -1.0744 0.0098
1920.0000 76.1444 0.0066 1.7147 247.1424 544.0851 544.2097 -1.0826 0.0097
1930.0000 76.9437 0.0066 1.7238 247.1659 545.3691 545.4936 -1.0908 0.0096
1940.0000 77.7471 0.0066 1.7329 247.1891 546.6465 546.7710 -1.0990 0.0096
1950.0000 78.5547 0.0065 1.7419 247.2119 547.9174 548.0420 -1.1073 0.0095
1960.0000 79.3665 0.0065 1.7510 247.2344 549.1820 549.3066 -1.1155 0.0095
1970.0000 80.1824 0.0065 1.7601 247.2565 550.4403 550.5648 -1.1238 0.0094
1980.0000 81.0024 0.0064 1.7691 247.2783 551.6922 551.8168 -1.1320 0.0094
1990.0000 81.8266 0.0064 1.7782 247.2998 552.9380 553.0626 -1.1403 0.0094
2000.0000 82.6550 0.0064 1.7873 247.3210 554.1777 554.3023 -1.1486 0.0093
